<?xml version="1.0"?>
<opencv_storage>
<Kc type_id="opencv-matrix">
  <rows>3</rows>
  <cols>3</cols>
  <dt>f</dt>
  <data>
    1.71170386e+03 0. 512. 0. 1.71170386e+03 384. 0. 0. 1.</data></Kc>
<kc type_id="opencv-matrix">
  <rows>5</rows>
  <cols>1</cols>
  <dt>f</dt>
  <data>
    -3.46094996e-01 0. 0. 0. 0.</data></kc>
<Kp type_id="opencv-matrix">
  <rows>3</rows>
  <cols>3</cols>
  <dt>f</dt>
  <data>
    2.20444873e+03 0. 9.43597351e+02 0. 2.20444873e+03 1.24826917e+03 0.
    0. 1.</data></Kp>
<kp type_id="opencv-matrix">
  <rows>5</rows>
  <cols>1</cols>
  <dt>f</dt>
  <data>
    -1.51878521e-02 0. 0. 0. 0.</data></kp>
<Rp type_id="opencv-matrix">
  <rows>3</rows>
  <cols>3</cols>
  <dt>f</dt>
  <data>
    9.05316293e-01 3.32309748e-03 4.24725085e-01 6.39151549e-03
    9.99749601e-01 -2.14458909e-02 -4.24690008e-01 2.21299510e-02
    9.05068338e-01</data></Rp>
<Tp type_id="opencv-matrix">
  <rows>3</rows>
  <cols>1</cols>
  <dt>f</dt>
  <data>
    -4.13957123e+02 -1.80136780e+02 -1.57930252e+02</data></Tp>
<cam_error>2.0368848002344911e-01</cam_error>
<proj_error>5.6508684743911242e-01</proj_error>
<stereo_error>7.8627102052029108e-01</stereo_error>
<frameWidth>1024</frameWidth>
<frameHeight>768</frameHeight>
<screenResX>912</screenResX>
<screenResY>1140</screenResY>
</opencv_storage>
