<?xml version="1.0"?>
<opencv_storage>
<Kc type_id="opencv-matrix">
  <rows>3</rows>
  <cols>3</cols>
  <dt>f</dt>
  <data>
    1.72796387e+03 0. 512. 0. 1.72796387e+03 384. 0. 0. 1.</data></Kc>
<kc type_id="opencv-matrix">
  <rows>5</rows>
  <cols>1</cols>
  <dt>f</dt>
  <data>
    -3.96907836e-01 4.56936747e-01 -1.60216892e-04 -1.82882906e-03
    -2.07058096e+00</data></kc>
<Kp type_id="opencv-matrix">
  <rows>3</rows>
  <cols>3</cols>
  <dt>f</dt>
  <data>
    2.21580347e+03 0. 8.79386169e+02 0. 2.21580347e+03 1.15337524e+03 0.
    0. 1.</data></Kp>
<kp type_id="opencv-matrix">
  <rows>5</rows>
  <cols>1</cols>
  <dt>f</dt>
  <data>
    6.98546842e-02 -2.40898162e-01 7.40759424e-05 -4.69705759e-04
    1.55333772e-01</data></kp>
<Rp type_id="opencv-matrix">
  <rows>3</rows>
  <cols>3</cols>
  <dt>f</dt>
  <data>
    9.99949217e-01 -6.28840458e-03 7.87274912e-03 6.22271560e-03
    9.99945879e-01 8.34070891e-03 -7.92477280e-03 -8.29129573e-03
    9.99934196e-01</data></Rp>
<Tp type_id="opencv-matrix">
  <rows>3</rows>
  <cols>1</cols>
  <dt>f</dt>
  <data>
    2.28180385e+00 -1.13524605e+02 -2.02847000e+02</data></Tp>
<cam_error>1.5844546986963742e-01</cam_error>
<proj_error>3.1596929103555960e-01</proj_error>
<stereo_error>4.4969426222534781e-01</stereo_error>
<frameWidth>1024</frameWidth>
<frameHeight>768</frameHeight>
<screenResX>912</screenResX>
<screenResY>1140</screenResY>
</opencv_storage>
