<?xml version="1.0"?>
<opencv_storage>
<Kc type_id="opencv-matrix">
  <rows>3</rows>
  <cols>3</cols>
  <dt>f</dt>
  <data>
    1.71494653e+03 0. 512. 0. 1.71494653e+03 384. 0. 0. 1.</data></Kc>
<kc type_id="opencv-matrix">
  <rows>5</rows>
  <cols>1</cols>
  <dt>f</dt>
  <data>
    -3.67314130e-01 0. 0. 0. 0.</data></kc>
<Kp type_id="opencv-matrix">
  <rows>3</rows>
  <cols>3</cols>
  <dt>f</dt>
  <data>
    2.20166968e+03 0. 8.91940002e+02 0. 2.20166968e+03 1.17738135e+03 0.
    0. 1.</data></Kp>
<kp type_id="opencv-matrix">
  <rows>5</rows>
  <cols>1</cols>
  <dt>f</dt>
  <data>
    5.50963022e-02 -1.76440150e-01 -1.62195798e-03 -4.73100721e-04
    8.93107653e-02</data></kp>
<Rp type_id="opencv-matrix">
  <rows>3</rows>
  <cols>3</cols>
  <dt>f</dt>
  <data>
    9.26268995e-01 -7.29085272e-03 3.76792431e-01 1.02126030e-02
    9.99931276e-01 -5.75719262e-03 -3.76724571e-01 9.18074138e-03
    9.26279843e-01</data></Rp>
<Tp type_id="opencv-matrix">
  <rows>3</rows>
  <cols>1</cols>
  <dt>f</dt>
  <data>
    -2.11582642e+02 -1.02340645e+02 -9.76406021e+01</data></Tp>
<cam_error>1.9531320646814876e-01</cam_error>
<proj_error>3.5594747644642039e-01</proj_error>
<stereo_error>5.7819755357177938e-01</stereo_error>
<frameWidth>1024</frameWidth>
<frameHeight>768</frameHeight>
<screenResX>912</screenResX>
<screenResY>1140</screenResY>
</opencv_storage>
