<?xml version="1.0"?>
<opencv_storage>
<Kc type_id="opencv-matrix">
  <rows>3</rows>
  <cols>3</cols>
  <dt>f</dt>
  <data>
    1.72728894e+03 0. 512. 0. 1.72728894e+03 384. 0. 0. 1.</data></Kc>
<kc type_id="opencv-matrix">
  <rows>5</rows>
  <cols>1</cols>
  <dt>f</dt>
  <data>
    -3.82057279e-01 3.19766909e-01 0. 0. 0.</data></kc>
<Kp type_id="opencv-matrix">
  <rows>3</rows>
  <cols>3</cols>
  <dt>f</dt>
  <data>
    2.26020776e+03 0. 9.12116211e+02 0. 2.26020776e+03 1.16185571e+03 0.
    0. 1.</data></Kp>
<kp type_id="opencv-matrix">
  <rows>5</rows>
  <cols>1</cols>
  <dt>f</dt>
  <data>
    5.87764159e-02 -1.27175584e-01 0. 0. 0.</data></kp>
<Rp type_id="opencv-matrix">
  <rows>3</rows>
  <cols>3</cols>
  <dt>f</dt>
  <data>
    9.05185103e-01 2.92490236e-03 4.25007463e-01 -8.10606126e-03
    9.99913216e-01 1.03829633e-02 -4.24940228e-01 -1.28436405e-02
    9.05130267e-01</data></Rp>
<Tp type_id="opencv-matrix">
  <rows>3</rows>
  <cols>1</cols>
  <dt>f</dt>
  <data>
    -4.10575623e+02 -1.84198883e+02 -1.47443802e+02</data></Tp>
<cam_error>1.9476947196490146e-01</cam_error>
<proj_error>4.6337341973199753e-01</proj_error>
<stereo_error>5.5773668779406849e-01</stereo_error>
<frameWidth>1024</frameWidth>
<frameHeight>768</frameHeight>
<screenResX>912</screenResX>
<screenResY>1140</screenResY>
</opencv_storage>
