<?xml version="1.0"?>
<opencv_storage>
<Kc type_id="opencv-matrix">
  <rows>3</rows>
  <cols>3</cols>
  <dt>f</dt>
  <data>
    1.72170386e+03 0. 512. 0. 1.72170386e+03 384. 0. 0. 1.</data></Kc>
<kc type_id="opencv-matrix">
  <rows>5</rows>
  <cols>1</cols>
  <dt>f</dt>
  <data>
    -3.80073786e-01 -6.65011778e-02 2.51256861e-04 -5.38413355e-04
    5.30454107e-02</data></kc>
<Kp type_id="opencv-matrix">
  <rows>3</rows>
  <cols>3</cols>
  <dt>f</dt>
  <data>
    2.19183569e+03 0. 8.81184509e+02 0. 2.19183569e+03 1.16716187e+03 0.
    0. 1.</data></Kp>
<kp type_id="opencv-matrix">
  <rows>5</rows>
  <cols>1</cols>
  <dt>f</dt>
  <data>
    4.54267673e-02 -1.87380165e-01 -3.58262099e-03 -4.46699938e-04
    1.07268170e-01</data></kp>
<Rp type_id="opencv-matrix">
  <rows>3</rows>
  <cols>3</cols>
  <dt>f</dt>
  <data>
    9.99948621e-01 -6.16535125e-03 8.04716069e-03 6.13690028e-03
    9.99974847e-01 3.55540705e-03 -8.06887913e-03 -3.50583973e-03
    9.99961317e-01</data></Rp>
<Tp type_id="opencv-matrix">
  <rows>3</rows>
  <cols>1</cols>
  <dt>f</dt>
  <data>
    1.94901097e+00 -1.13269531e+02 -2.04063904e+02</data></Tp>
<cam_error>2.3407165252597473e-01</cam_error>
<proj_error>5.0270284450237013e-01</proj_error>
<stereo_error>5.2280792867139692e-01</stereo_error>
<frameWidth>1024</frameWidth>
<frameHeight>768</frameHeight>
<screenResX>912</screenResX>
<screenResY>1140</screenResY>
</opencv_storage>
