<?xml version="1.0"?>
<opencv_storage>
<Kc type_id="opencv-matrix">
  <rows>3</rows>
  <cols>3</cols>
  <dt>f</dt>
  <data>
    1.73012732e+03 0. 5.06242493e+02 0. 1.73012732e+03 3.64885132e+02 0.
    0. 1.</data></Kc>
<kc type_id="opencv-matrix">
  <rows>5</rows>
  <cols>1</cols>
  <dt>f</dt>
  <data>
    -3.81791979e-01 1.64523602e-01 5.06167125e-04 -1.13755837e-03
    -4.75134552e-01</data></kc>
<Kp type_id="opencv-matrix">
  <rows>3</rows>
  <cols>3</cols>
  <dt>f</dt>
  <data>
    2.21129956e+03 0. 8.76560181e+02 0. 2.21129956e+03 1.17943103e+03 0.
    0. 1.</data></Kp>
<kp type_id="opencv-matrix">
  <rows>5</rows>
  <cols>1</cols>
  <dt>f</dt>
  <data>
    5.38170002e-02 -2.00109452e-01 2.11765917e-04 -1.18629122e-03
    1.23443238e-01</data></kp>
<Rp type_id="opencv-matrix">
  <rows>3</rows>
  <cols>3</cols>
  <dt>f</dt>
  <data>
    9.99969065e-01 -5.54227689e-03 5.58644254e-03 5.63929044e-03
    9.99830902e-01 -1.75023861e-02 -5.48849488e-03 1.75333489e-02
    9.99831200e-01</data></Rp>
<Tp type_id="opencv-matrix">
  <rows>3</rows>
  <cols>1</cols>
  <dt>f</dt>
  <data>
    2.14408445e+00 -9.68475113e+01 -2.05112396e+02</data></Tp>
<cam_error>1.6444854079860707e-01</cam_error>
<proj_error>3.3909714909095512e-01</proj_error>
<stereo_error>3.9759461756434106e-01</stereo_error>
<frameWidth>1024</frameWidth>
<frameHeight>768</frameHeight>
<screenResX>912</screenResX>
<screenResY>1140</screenResY>
</opencv_storage>
