<?xml version="1.0"?>
<opencv_storage>
<Kc type_id="opencv-matrix">
  <rows>3</rows>
  <cols>3</cols>
  <dt>f</dt>
  <data>
    1.71624731e+03 0. 5.03656891e+02 0. 1.71624731e+03 3.57692291e+02 0.
    0. 1.</data></Kc>
<kc type_id="opencv-matrix">
  <rows>5</rows>
  <cols>1</cols>
  <dt>f</dt>
  <data>
    -3.49948943e-01 -2.54450053e-01 -8.90753698e-04 -6.97919459e-04
    1.64650786e+00</data></kc>
<Kp type_id="opencv-matrix">
  <rows>3</rows>
  <cols>3</cols>
  <dt>f</dt>
  <data>
    2.20166968e+03 0. 8.91940002e+02 0. 2.20166968e+03 1.17738135e+03 0.
    0. 1.</data></Kp>
<kp type_id="opencv-matrix">
  <rows>5</rows>
  <cols>1</cols>
  <dt>f</dt>
  <data>
    5.50963022e-02 -1.76440150e-01 -1.62195798e-03 -4.73100721e-04
    8.93107653e-02</data></kp>
<Rp type_id="opencv-matrix">
  <rows>3</rows>
  <cols>3</cols>
  <dt>f</dt>
  <data>
    9.28240299e-01 -1.16876792e-03 3.71979237e-01 9.99586936e-03
    9.99712348e-01 -2.18026619e-02 -3.71846735e-01 2.39563640e-02
    9.27984953e-01</data></Rp>
<Tp type_id="opencv-matrix">
  <rows>3</rows>
  <cols>1</cols>
  <dt>f</dt>
  <data>
    -2.11641098e+02 -1.02113403e+02 -9.82166824e+01</data></Tp>
<cam_error>1.9195850008057438e-01</cam_error>
<proj_error>3.5594747644642039e-01</proj_error>
<stereo_error>5.8377501559234446e-01</stereo_error>
<frameWidth>1024</frameWidth>
<frameHeight>768</frameHeight>
<screenResX>912</screenResX>
<screenResY>1140</screenResY>
</opencv_storage>
