<?xml version="1.0"?>
<opencv_storage>
<Kc type_id="opencv-matrix">
  <rows>3</rows>
  <cols>3</cols>
  <dt>f</dt>
  <data>
    3.44517029e+02 0. 360. 0. 3.44517029e+02 270. 0. 0. 1.</data></Kc>
<kc type_id="opencv-matrix">
  <rows>5</rows>
  <cols>1</cols>
  <dt>f</dt>
  <data>
    -2.34452501e-01 0. 0. 0. 0.</data></kc>
<Kp type_id="opencv-matrix">
  <rows>3</rows>
  <cols>3</cols>
  <dt>f</dt>
  <data>
    2.31950781e+03 0. 9.34119568e+02 0. 2.31950781e+03 1.18593872e+03 0.
    0. 1.</data></Kp>
<kp type_id="opencv-matrix">
  <rows>5</rows>
  <cols>1</cols>
  <dt>f</dt>
  <data>
    -1.25214446e-03 0. 0. 0. 0.</data></kp>
<Rp type_id="opencv-matrix">
  <rows>3</rows>
  <cols>3</cols>
  <dt>f</dt>
  <data>
    9.99405921e-01 3.79673252e-03 -3.42549272e-02 3.20418365e-03
    9.79373038e-01 2.02035099e-01 3.43154259e-02 -2.02024832e-01
    9.78779018e-01</data></Rp>
<Tp type_id="opencv-matrix">
  <rows>3</rows>
  <cols>1</cols>
  <dt>f</dt>
  <data>
    2.84852600e+01 -2.48180176e+02 2.80012787e+02</data></Tp>
<cam_error>2.6284046889530960e-01</cam_error>
<proj_error>5.9854525880982989e-01</proj_error>
<stereo_error>1.0925868013769655e+00</stereo_error>
<frameWidth>720</frameWidth>
<frameHeight>540</frameHeight>
<screenResX>912</screenResX>
<screenResY>1140</screenResY>
</opencv_storage>
