<?xml version="1.0"?>
<opencv_storage>
<Kc type_id="opencv-matrix">
  <rows>3</rows>
  <cols>3</cols>
  <dt>f</dt>
  <data>
    3.41137012e+03 0. 1024. 0. 3.41137012e+03 768. 0. 0. 1.</data></Kc>
<kc type_id="opencv-matrix">
  <rows>5</rows>
  <cols>1</cols>
  <dt>f</dt>
  <data>
    -3.77420723e-01 0. 0. 0. 0.</data></kc>
<Kp type_id="opencv-matrix">
  <rows>3</rows>
  <cols>3</cols>
  <dt>f</dt>
  <data>
    2.22508374e+03 0. 9.71051208e+02 0. 2.22508374e+03 1.23982190e+03 0.
    0. 1.</data></Kp>
<kp type_id="opencv-matrix">
  <rows>5</rows>
  <cols>1</cols>
  <dt>f</dt>
  <data>
    -4.52884054e-03 0. 0. 0. 0.</data></kp>
<Rp type_id="opencv-matrix">
  <rows>3</rows>
  <cols>3</cols>
  <dt>f</dt>
  <data>
    9.11485314e-01 6.13066694e-03 4.11286891e-01 2.97358679e-03
    9.99764562e-01 -2.14925501e-02 -4.11321849e-01 2.08131410e-02
    9.11252499e-01</data></Rp>
<Tp type_id="opencv-matrix">
  <rows>3</rows>
  <cols>1</cols>
  <dt>f</dt>
  <data>
    -4.07430084e+02 -1.78045547e+02 -1.56231674e+02</data></Tp>
<cam_error>8.0271732874426649e-01</cam_error>
<proj_error>8.6697703349019606e-01</proj_error>
<stereo_error>1.2309788616076702e+00</stereo_error>
<frameWidth>2048</frameWidth>
<frameHeight>1536</frameHeight>
<screenResX>912</screenResX>
<screenResY>1140</screenResY>
</opencv_storage>
