<?xml version="1.0"?>
<opencv_storage>
<Kc type_id="opencv-matrix">
  <rows>3</rows>
  <cols>3</cols>
  <dt>f</dt>
  <data>
    3.30842896e+02 0. 360. 0. 3.30842896e+02 270. 0. 0. 1.</data></Kc>
<kc type_id="opencv-matrix">
  <rows>5</rows>
  <cols>1</cols>
  <dt>f</dt>
  <data>
    -2.13596821e-01 0. 0. 0. 0.</data></kc>
<Kp type_id="opencv-matrix">
  <rows>3</rows>
  <cols>3</cols>
  <dt>f</dt>
  <data>
    2.26281494e+03 0. 9.08187256e+02 0. 2.26281494e+03 1.25354565e+03 0.
    0. 1.</data></Kp>
<kp type_id="opencv-matrix">
  <rows>5</rows>
  <cols>1</cols>
  <dt>f</dt>
  <data>
    -2.60794852e-02 0. 0. 0. 0.</data></kp>
<Rp type_id="opencv-matrix">
  <rows>3</rows>
  <cols>3</cols>
  <dt>f</dt>
  <data>
    9.99143362e-01 -2.74918857e-04 -4.13826630e-02 6.26074709e-03
    9.89472389e-01 1.44586131e-01 4.09072526e-02 -1.44721344e-01
    9.88626480e-01</data></Rp>
<Tp type_id="opencv-matrix">
  <rows>3</rows>
  <cols>1</cols>
  <dt>f</dt>
  <data>
    2.19956608e+01 -1.48673447e+02 1.62271072e+02</data></Tp>
<cam_error>3.6407678413243172e-01</cam_error>
<proj_error>8.0588120386522344e-01</proj_error>
<stereo_error>1.1977869698602381e+00</stereo_error>
<frameWidth>720</frameWidth>
<frameHeight>540</frameHeight>
<screenResX>912</screenResX>
<screenResY>1140</screenResY>
</opencv_storage>
