<?xml version="1.0"?>
<opencv_storage>
<Kc type_id="opencv-matrix">
  <rows>3</rows>
  <cols>3</cols>
  <dt>f</dt>
  <data>
    1.77406104e+03 0. 4.79532562e+02 0. 1.77406104e+03 3.76692566e+02 0.
    0. 1.</data></Kc>
<kc type_id="opencv-matrix">
  <rows>5</rows>
  <cols>1</cols>
  <dt>f</dt>
  <data>
    -3.59846026e-01 -2.51626045e-01 -6.40017737e-04 3.51726287e-03
    1.25964928e+00</data></kc>
<Kp type_id="opencv-matrix">
  <rows>3</rows>
  <cols>3</cols>
  <dt>f</dt>
  <data>
    2.24783960e+03 0. 8.51479187e+02 0. 2.24783960e+03 1.16780859e+03 0.
    0. 1.</data></Kp>
<kp type_id="opencv-matrix">
  <rows>5</rows>
  <cols>1</cols>
  <dt>f</dt>
  <data>
    7.54727349e-02 -2.15448990e-01 -9.54425632e-05 -1.36160140e-03
    1.38401985e-01</data></kp>
<Rp type_id="opencv-matrix">
  <rows>3</rows>
  <cols>3</cols>
  <dt>f</dt>
  <data>
    9.99916613e-01 3.01975897e-03 1.25557734e-02 -3.07297194e-03
    9.99986351e-01 4.22099000e-03 -1.25428559e-02 -4.25922126e-03
    9.99912262e-01</data></Rp>
<Tp type_id="opencv-matrix">
  <rows>3</rows>
  <cols>1</cols>
  <dt>f</dt>
  <data>
    -6.92355013e+00 -1.15147629e+02 -2.11462280e+02</data></Tp>
<cam_error>1.4709077161527501e-01</cam_error>
<proj_error>3.0966637872709907e-01</proj_error>
<stereo_error>3.1891490799423139e-01</stereo_error>
<frameWidth>1024</frameWidth>
<frameHeight>768</frameHeight>
<screenResX>912</screenResX>
<screenResY>1140</screenResY>
</opencv_storage>
