<?xml version="1.0"?>
<opencv_storage>
<Kc type_id="opencv-matrix">
  <rows>3</rows>
  <cols>3</cols>
  <dt>f</dt>
  <data>
    1.70945251e+03 0. 512. 0. 1.70945251e+03 384. 0. 0. 1.</data></Kc>
<kc type_id="opencv-matrix">
  <rows>5</rows>
  <cols>1</cols>
  <dt>f</dt>
  <data>
    -3.26517195e-01 0. 0. 0. 0.</data></kc>
<Kp type_id="opencv-matrix">
  <rows>3</rows>
  <cols>3</cols>
  <dt>f</dt>
  <data>
    2.24165283e+03 0. 9.00026855e+02 0. 2.24165283e+03 1.20061804e+03 0.
    0. 1.</data></Kp>
<kp type_id="opencv-matrix">
  <rows>5</rows>
  <cols>1</cols>
  <dt>f</dt>
  <data>
    -5.33062592e-03 0. 0. 0. 0.</data></kp>
<Rp type_id="opencv-matrix">
  <rows>3</rows>
  <cols>3</cols>
  <dt>f</dt>
  <data>
    9.04181540e-01 3.81329516e-03 4.27131414e-01 -6.95327471e-04
    9.99971986e-01 -7.45551800e-03 -4.27147865e-01 6.44414546e-03
    9.04158831e-01</data></Rp>
<Tp type_id="opencv-matrix">
  <rows>3</rows>
  <cols>1</cols>
  <dt>f</dt>
  <data>
    -4.05870422e+02 -1.79617126e+02 -1.46975479e+02</data></Tp>
<cam_error>3.6024841220697351e-01</cam_error>
<proj_error>7.9571699971627297e-01</proj_error>
<stereo_error>7.1934052320463515e-01</stereo_error>
<frameWidth>1024</frameWidth>
<frameHeight>768</frameHeight>
<screenResX>912</screenResX>
<screenResY>1140</screenResY>
</opencv_storage>
