<?xml version="1.0"?>
<opencv_storage>
<Kc type_id="opencv-matrix">
  <rows>3</rows>
  <cols>3</cols>
  <dt>f</dt>
  <data>
    1.72170386e+03 0. 512. 0. 1.72170386e+03 384. 0. 0. 1.</data></Kc>
<kc type_id="opencv-matrix">
  <rows>5</rows>
  <cols>1</cols>
  <dt>f</dt>
  <data>
    -3.80073786e-01 -6.65011778e-02 2.51256861e-04 -5.38413355e-04
    5.30454107e-02</data></kc>
<Kp type_id="opencv-matrix">
  <rows>3</rows>
  <cols>3</cols>
  <dt>f</dt>
  <data>
    2.19183569e+03 0. 8.81184509e+02 0. 2.19183569e+03 1.16716187e+03 0.
    0. 1.</data></Kp>
<kp type_id="opencv-matrix">
  <rows>5</rows>
  <cols>1</cols>
  <dt>f</dt>
  <data>
    4.54267673e-02 -1.87380165e-01 -3.58262099e-03 -4.46699938e-04
    1.07268170e-01</data></kp>
<Rp type_id="opencv-matrix">
  <rows>3</rows>
  <cols>3</cols>
  <dt>f</dt>
  <data>
    9.99830008e-01 -4.67680860e-03 1.78352650e-02 4.70163627e-03
    9.99988019e-01 -1.35037105e-03 -1.78287365e-02 1.43399637e-03
    9.99840021e-01</data></Rp>
<Tp type_id="opencv-matrix">
  <rows>3</rows>
  <cols>1</cols>
  <dt>f</dt>
  <data>
    -5.42424631e+00 -1.14759865e+02 -2.04033875e+02</data></Tp>
<cam_error>1.6603180727969352e-01</cam_error>
<proj_error>0.</proj_error>
<stereo_error>4.4681297412143500e-01</stereo_error>
<frameWidth>1024</frameWidth>
<frameHeight>768</frameHeight>
<screenResX>912</screenResX>
<screenResY>1140</screenResY>
</opencv_storage>
