<?xml version="1.0"?>
<opencv_storage>
<Kc type_id="opencv-matrix">
  <rows>3</rows>
  <cols>3</cols>
  <dt>f</dt>
  <data>
    1.73993469e+03 0. 512. 0. 1.73993469e+03 384. 0. 0. 1.</data></Kc>
<kc type_id="opencv-matrix">
  <rows>5</rows>
  <cols>1</cols>
  <dt>f</dt>
  <data>
    -3.53856295e-01 0. 0. 0. 0.</data></kc>
<Kp type_id="opencv-matrix">
  <rows>3</rows>
  <cols>3</cols>
  <dt>f</dt>
  <data>
    2.22837988e+03 0. 8.82945862e+02 0. 2.22837988e+03 1.14225208e+03 0.
    0. 1.</data></Kp>
<kp type_id="opencv-matrix">
  <rows>5</rows>
  <cols>1</cols>
  <dt>f</dt>
  <data>
    7.54827186e-02 -2.46533707e-01 1.16577467e-04 4.56339149e-06
    1.61923274e-01</data></kp>
<Rp type_id="opencv-matrix">
  <rows>3</rows>
  <cols>3</cols>
  <dt>f</dt>
  <data>
    9.99955177e-01 -6.71137311e-03 6.67861709e-03 6.58881012e-03
    9.99812543e-01 1.82074048e-02 -6.79956144e-03 -1.81625839e-02
    9.99811947e-01</data></Rp>
<Tp type_id="opencv-matrix">
  <rows>3</rows>
  <cols>1</cols>
  <dt>f</dt>
  <data>
    2.52136874e+00 -1.16904449e+02 -2.05016418e+02</data></Tp>
<cam_error>1.7234276261483183e-01</cam_error>
<proj_error>3.2788529804231004e-01</proj_error>
<stereo_error>5.3371724767255724e-01</stereo_error>
<frameWidth>1024</frameWidth>
<frameHeight>768</frameHeight>
<screenResX>912</screenResX>
<screenResY>1140</screenResY>
</opencv_storage>
