<?xml version="1.0"?>
<opencv_storage>
<Kc type_id="opencv-matrix">
  <rows>3</rows>
  <cols>3</cols>
  <dt>f</dt>
  <data>
    1.75144434e+03 0. 512. 0. 1.75144434e+03 384. 0. 0. 1.</data></Kc>
<kc type_id="opencv-matrix">
  <rows>5</rows>
  <cols>1</cols>
  <dt>f</dt>
  <data>
    -3.55595529e-01 0. 0. 0. 0.</data></kc>
<Kp type_id="opencv-matrix">
  <rows>3</rows>
  <cols>3</cols>
  <dt>f</dt>
  <data>
    2.23292090e+03 0. 8.83646179e+02 0. 2.23292090e+03 1.13399048e+03 0.
    0. 1.</data></Kp>
<kp type_id="opencv-matrix">
  <rows>5</rows>
  <cols>1</cols>
  <dt>f</dt>
  <data>
    7.67181516e-02 -2.49573231e-01 -6.57988305e-04 -8.16082138e-06
    1.61848024e-01</data></kp>
<Rp type_id="opencv-matrix">
  <rows>3</rows>
  <cols>3</cols>
  <dt>f</dt>
  <data>
    9.99957442e-01 -6.66216388e-03 6.37979480e-03 6.52088691e-03
    9.99738574e-01 2.19149087e-02 -6.52412744e-03 -2.18723752e-02
    9.99739468e-01</data></Rp>
<Tp type_id="opencv-matrix">
  <rows>3</rows>
  <cols>1</cols>
  <dt>f</dt>
  <data>
    2.55584860e+00 -1.17711502e+02 -2.08102325e+02</data></Tp>
<cam_error>1.7378667374794596e-01</cam_error>
<proj_error>3.2834364626357376e-01</proj_error>
<stereo_error>5.4899445355367049e-01</stereo_error>
<frameWidth>1024</frameWidth>
<frameHeight>768</frameHeight>
<screenResX>912</screenResX>
<screenResY>1140</screenResY>
</opencv_storage>
