<?xml version="1.0"?>
<opencv_storage>
<Kc type_id="opencv-matrix">
  <rows>3</rows>
  <cols>3</cols>
  <dt>f</dt>
  <data>
    1.72170386e+03 0. 512. 0. 1.72170386e+03 384. 0. 0. 1.</data></Kc>
<kc type_id="opencv-matrix">
  <rows>5</rows>
  <cols>1</cols>
  <dt>f</dt>
  <data>
    -3.80073786e-01 -6.65011778e-02 2.51256861e-04 -5.38413355e-04
    5.30454107e-02</data></kc>
<Kp type_id="opencv-matrix">
  <rows>3</rows>
  <cols>3</cols>
  <dt>f</dt>
  <data>
    2.19183569e+03 0. 8.81184509e+02 0. 2.19183569e+03 1.16716187e+03 0.
    0. 1.</data></Kp>
<kp type_id="opencv-matrix">
  <rows>5</rows>
  <cols>1</cols>
  <dt>f</dt>
  <data>
    4.54267673e-02 -1.87380165e-01 -3.58262099e-03 -4.46699938e-04
    1.07268170e-01</data></kp>
<Rp type_id="opencv-matrix">
  <rows>3</rows>
  <cols>3</cols>
  <dt>f</dt>
  <data>
    9.99835670e-01 2.40985071e-03 1.79679077e-02 -2.59693875e-03
    9.99942601e-01 1.03962906e-02 -1.79418232e-02 -1.04412436e-02
    9.99784529e-01</data></Rp>
<Tp type_id="opencv-matrix">
  <rows>3</rows>
  <cols>1</cols>
  <dt>f</dt>
  <data>
    -4.12160587e+00 -1.14942200e+02 -2.02727585e+02</data></Tp>
<cam_error>0.</cam_error>
<proj_error>0.</proj_error>
<stereo_error>5.1038358317739629e-01</stereo_error>
<frameWidth>720</frameWidth>
<frameHeight>540</frameHeight>
<screenResX>912</screenResX>
<screenResY>1140</screenResY>
</opencv_storage>
